
Round: 0
00000000
00000000
00000000
00000000
00000000
00000000
00000000
00000000

Valid moves for 1:
3, 3
3, 4
4, 3
4, 4

Player 1: 4, 3

After move by Player 1
00000000
00000000
00000000
00010000
00000000
00000000
00000000
00000000


Round: 1
00000000
00000000
00000000
00010000
00000000
00000000
00000000
00000000

Valid moves for 2:
3, 3
3, 4
4, 4

Player 2: 3, 4

After move by Player 2
00000000
00000000
00000000
00010000
00002000
00000000
00000000
00000000


Round: 2
00000000
00000000
00000000
00010000
00002000
00000000
00000000
00000000

Valid moves for 1:
3, 3
4, 4

Player 1: 3, 3

After move by Player 1
00000000
00000000
00000000
00010000
00012000
00000000
00000000
00000000


Round: 3
00000000
00000000
00000000
00010000
00012000
00000000
00000000
00000000

Valid moves for 2:
4, 4

Player 2: 4, 4

After move by Player 2
00000000
00000000
00000000
00012000
00012000
00000000
00000000
00000000


Round: 4
00000000
00000000
00000000
00012000
00012000
00000000
00000000
00000000

Valid moves for 1:
2, 5
3, 5
4, 5
5, 5

Player 1: 3, 5

After move by Player 1
00000000
00000000
00000000
00012000
00011100
00000000
00000000
00000000


Round: 5
00000000
00000000
00000000
00012000
00011100
00000000
00000000
00000000

Valid moves for 2:
2, 2
2, 4
2, 6
4, 2

Player 2: 2, 2

After move by Player 2
00000000
00000000
00000000
00012000
00021100
00200000
00000000
00000000


Round: 6
00000000
00000000
00000000
00012000
00021100
00200000
00000000
00000000

Valid moves for 1:
2, 3
3, 2
4, 5
5, 3
5, 4

Player 1: 4, 5

After move by Player 1
00000000
00000000
00000000
00011100
00021100
00200000
00000000
00000000


Round: 7
00000000
00000000
00000000
00011100
00021100
00200000
00000000
00000000

Valid moves for 2:
3, 6
5, 3
5, 5

Player 2: 5, 5

After move by Player 2
00000000
00000000
00000200
00012100
00021100
00200000
00000000
00000000


Round: 8
00000000
00000000
00000200
00012100
00021100
00200000
00000000
00000000

Valid moves for 1:
2, 3
3, 2
5, 3
5, 4
6, 5

Player 1: 5, 3

After move by Player 1
00000000
00000000
00010200
00011100
00021100
00200000
00000000
00000000


Round: 9
00000000
00000000
00010200
00011100
00021100
00200000
00000000
00000000

Valid moves for 2:
2, 5
3, 6
6, 3

Player 2: 2, 5

After move by Player 2
00000000
00000000
00010200
00011200
00021200
00200200
00000000
00000000


Round: 10
00000000
00000000
00010200
00011200
00021200
00200200
00000000
00000000

Valid moves for 1:
1, 1
1, 6
2, 3
2, 6
3, 2
3, 6
4, 6
5, 6
6, 6

Player 1: 2, 6

After move by Player 1
00000000
00000000
00010200
00011200
00021100
00200210
00000000
00000000


Round: 11
00000000
00000000
00010200
00011200
00021100
00200210
00000000
00000000

Valid moves for 2:
2, 3
2, 7
3, 6
4, 2
5, 2
6, 3

Player 2: 4, 2

After move by Player 2
00000000
00000000
00010200
00222200
00021100
00200210
00000000
00000000


Round: 12
00000000
00000000
00010200
00222200
00021100
00200210
00000000
00000000

Valid moves for 1:
1, 5
1, 6
2, 3
2, 4
3, 1
3, 2
5, 2
5, 4
5, 6
6, 5

Player 1: 2, 4

After move by Player 1
00000000
00000000
00010200
00222200
00021100
00201110
00000000
00000000


Round: 13
00000000
00000000
00010200
00222200
00021100
00201110
00000000
00000000

Valid moves for 2:
1, 4
1, 5
1, 6
1, 7
2, 3
3, 6
6, 2
6, 3
6, 4

Player 2: 1, 5

After move by Player 2
00000000
00000000
00010200
00222200
00021200
00202210
00000200
00000000


Round: 14
00000000
00000000
00010200
00222200
00021200
00202210
00000200
00000000

Valid moves for 1:
0, 4
1, 4
1, 6
2, 3
3, 1
3, 2
3, 6
5, 2
5, 4
5, 6

Player 1: 2, 3

After move by Player 1
00000000
00000000
00010200
00212200
00011200
00211110
00000200
00000000


Round: 15
00000000
00000000
00010200
00212200
00011200
00211110
00000200
00000000

Valid moves for 2:
1, 2
1, 3
1, 4
1, 7
2, 7
3, 2
3, 7
6, 2
6, 4

Player 2: 1, 4

After move by Player 2
00000000
00000000
00010200
00212200
00012200
00212110
00002200
00000000


Round: 16
00000000
00000000
00010200
00212200
00012200
00212110
00002200
00000000

Valid moves for 1:
0, 3
0, 4
0, 5
0, 6
1, 1
2, 1
3, 1
3, 6
4, 1
4, 6
5, 1
5, 6
6, 5
6, 6

Player 1: 6, 5

After move by Player 1
00000000
00000100
00010100
00212100
00012100
00212110
00002200
00000000


Round: 17
00000000
00000100
00010100
00212100
00012100
00212110
00002200
00000000

Valid moves for 2:
1, 2
1, 6
1, 7
2, 7
3, 2
3, 6
3, 7
4, 6
5, 2
5, 6
6, 2
6, 4
6, 6
7, 5

Player 2: 7, 5

After move by Player 2
00000200
00000200
00010200
00212200
00012200
00212210
00002200
00000000


Round: 18
00000200
00000200
00010200
00212200
00012200
00212210
00002200
00000000

Valid moves for 1:
0, 4
0, 5
0, 6
1, 1
1, 6
2, 1
3, 1
3, 6
4, 1
4, 6
5, 1
5, 6
6, 6

Player 1: 2, 1

After move by Player 1
00000200
00000200
00010200
00212200
00012200
01112210
00002200
00000000


Round: 19
00000200
00000200
00010200
00212200
00012200
01112210
00002200
00000000

Valid moves for 2:
1, 1
1, 2
1, 7
2, 0
2, 7
3, 2
3, 7
5, 2
6, 2
6, 4

Player 2: 2, 0

After move by Player 2
00000200
00000200
00010200
00212200
00012200
22222210
00002200
00000000


Round: 20
00000200
00000200
00010200
00212200
00012200
22222210
00002200
00000000

Valid moves for 1:
0, 4
0, 6
1, 1
1, 3
1, 6
3, 1
3, 6
4, 1
4, 6
5, 1
6, 6

Player 1: 0, 6

After move by Player 1
00000200
00000200
00010200
00212200
00012200
22221210
00002100
00000010


Round: 21
00000200
00000200
00010200
00212200
00012200
22221210
00002100
00000010

Valid moves for 2:
0, 5
1, 3
1, 6
1, 7
2, 7
3, 2
5, 2
6, 2
6, 3
6, 4

Player 2: 0, 5

After move by Player 2
00000200
00000200
00010200
00212200
00012200
22221210
00002200
00000210


Round: 22
00000200
00000200
00010200
00212200
00012200
22221210
00002200
00000210

Valid moves for 1:
0, 4
1, 1
1, 3
1, 6
3, 1
3, 6
4, 1
4, 6
5, 1
5, 4
6, 6

Player 1: 1, 6

After move by Player 1
00000200
00000200
00010200
00212200
00011200
22221110
00002210
00000210


Round: 23
00000200
00000200
00010200
00212200
00011200
22221110
00002210
00000210

Valid moves for 2:
0, 7
1, 3
1, 7
2, 7
3, 2
3, 6
3, 7
6, 2
6, 3
6, 4

Player 2: 2, 7

After move by Player 2
00000200
00000200
00010200
00212200
00011200
22222222
00002220
00000210


Round: 24
00000200
00000200
00010200
00212200
00011200
22222222
00002220
00000210

Valid moves for 1:
0, 4
0, 7
1, 1
1, 2
1, 3
1, 7
3, 1
3, 6
4, 1
4, 6
5, 1
5, 4
5, 6
6, 6

Player 1: 5, 1

After move by Player 1
00000200
00000200
01010200
00112200
00011200
22222222
00002220
00000210


Round: 25
00000200
00000200
01010200
00112200
00011200
22222222
00002220
00000210

Valid moves for 2:
0, 7
3, 2
4, 1
5, 2
6, 0
6, 2
6, 3

Player 2: 4, 1

After move by Player 2
00000200
00000200
01010200
02222200
00011200
22222222
00002220
00000210


Round: 26
00000200
00000200
01010200
02222200
00011200
22222222
00002220
00000210

Valid moves for 1:
0, 4
0, 7
1, 1
1, 2
1, 3
1, 7
3, 1
3, 6
5, 2
5, 4
5, 6
6, 6

Player 1: 1, 2

After move by Player 1
00000200
00000200
01010200
02222200
00011200
22212222
00102220
00000210


Round: 27
00000200
00000200
01010200
02222200
00011200
22212222
00102220
00000210

Valid moves for 2:
0, 1
0, 2
0, 3
0, 7
1, 3
3, 2
6, 0
6, 1
6, 2
6, 3
6, 4

Player 2: 0, 1

After move by Player 2
00000200
00000200
01010200
02222200
00012200
22222222
00202220
02000210


Round: 28
00000200
00000200
01010200
02222200
00012200
22222222
00202220
02000210

Valid moves for 1:
0, 4
1, 1
1, 3
1, 7
3, 1
3, 6
6, 6

Player 1: 1, 1

After move by Player 1
00000200
00000200
01010200
02222200
00012200
22122222
01202220
02000210


Round: 29
00000200
00000200
01010200
02222200
00012200
22122222
01202220
02000210

Valid moves for 2:
0, 0
0, 2
0, 7
1, 0
3, 2
6, 0
6, 1
6, 2
6, 3
6, 4

Player 2: 1, 0

After move by Player 2
00000200
00000200
01010200
02222200
00012200
22122222
22202220
02000210


Round: 30
00000200
00000200
01010200
02222200
00012200
22122222
22202220
02000210

Valid moves for 1:
0, 0
0, 2
0, 4
1, 3
1, 7
3, 1
3, 6
6, 6

Player 1: 3, 1

After move by Player 1
00000200
00000200
01010200
01122200
01012200
22122222
22202220
02000210


Round: 31
00000200
00000200
01010200
01122200
01012200
22122222
22202220
02000210

Valid moves for 2:
0, 7
3, 2
4, 0
6, 0
6, 1
6, 2
6, 3
6, 4

Player 2: 6, 1

After move by Player 2
00000200
02000200
02010200
02122200
02012200
22122222
22202220
02000210


Round: 32
00000200
02000200
02010200
02122200
02012200
22122222
22202220
02000210

Valid moves for 1:
0, 0
0, 2
0, 4
1, 3
1, 7
3, 6
4, 0
4, 6
6, 0
6, 6

Player 1: 6, 0

After move by Player 1
00000200
12000200
01010200
02122200
02012200
22122222
22202220
02000210


Round: 33
00000200
12000200
01010200
02122200
02012200
22122222
22202220
02000210

Valid moves for 2:
0, 7
1, 3
3, 2
6, 2
6, 3
6, 4

Player 2: 6, 4

After move by Player 2
00000200
12002200
01020200
02222200
02012200
22122222
22202220
02000210


Round: 34
00000200
12002200
01020200
02222200
02012200
22122222
22202220
02000210

Valid moves for 1:
0, 0
0, 2
0, 4
1, 3
3, 6
4, 0
6, 2
6, 3
6, 6
7, 1

Player 1: 6, 3

After move by Player 1
00000200
12012200
01010200
02212200
02012200
22122222
22202220
02000210


Round: 35
00000200
12012200
01010200
02212200
02012200
22122222
22202220
02000210

Valid moves for 2:
0, 7
1, 3
3, 2
5, 2
6, 2
7, 3

Player 2: 7, 3

After move by Player 2
00020200
12022200
01020200
02222200
02022200
22122222
22202220
02000210


Round: 36
00020200
12022200
01020200
02222200
02022200
22122222
22202220
02000210

Valid moves for 1:
0, 0
0, 2
0, 4
3, 6
4, 0
6, 2
6, 6
7, 1

Player 1: 6, 2

After move by Player 1
00020200
11122200
01020200
02222200
02022200
22122222
22202220
02000210


Round: 37
00020200
11122200
01020200
02222200
02022200
22122222
22202220
02000210

Valid moves for 2:
0, 7
1, 3
3, 2
4, 0
7, 1

Player 2: 4, 0

After move by Player 2
00020200
11222200
02020200
22222200
02022200
22122222
22202220
02000210


Round: 38
00020200
11222200
02020200
22222200
02022200
22122222
22202220
02000210

Valid moves for 1:
0, 0
0, 2
0, 4
3, 6
6, 6

Player 1: 3, 6

After move by Player 1
00020200
11222200
02020200
22222200
02022210
22122212
22202210
02000210


Round: 39
00020200
11222200
02020200
22222200
02022210
22122212
22202210
02000210

Valid moves for 2:
0, 7
1, 3
1, 7
3, 2
3, 7
4, 7
7, 1

Player 2: 1, 7

After move by Player 2
00020200
11222200
02020200
22222200
02022210
22122222
22202222
02000210


Round: 40
00020200
11222200
02020200
22222200
02022210
22122222
22202222
02000210

Valid moves for 1:
0, 0
0, 2
0, 3
0, 4
3, 2
5, 4
6, 6

Player 1: 6, 6

After move by Player 1
00020200
11111110
02020100
22221200
02012210
22122222
22202222
02000210


Round: 41
00020200
11111110
02020100
22221200
02012210
22122222
22202222
02000210

Valid moves for 2:
0, 7
1, 3
3, 2
3, 7
4, 6
4, 7
5, 4
5, 7
7, 1
7, 7

Player 2: 7, 7

After move by Player 2
00020202
11111120
02020200
22222200
02022210
22222222
22202222
02000210


Round: 42
00020202
11111120
02020200
22222200
02022210
22222222
22202222
02000210

Valid moves for 1:
0, 3
0, 4
1, 3
3, 2
4, 6
5, 4
6, 7

Player 1: 5, 4

After move by Player 1
00020202
11111120
02021200
22222100
02022210
22222222
22202222
02000210


Round: 43
00020202
11111120
02021200
22222100
02022210
22222222
22202222
02000210

Valid moves for 2:
0, 7
3, 7
4, 6
4, 7
5, 6
7, 1
7, 2
7, 4
7, 6

Player 2: 7, 2

After move by Player 2
00220202
11121120
02022200
22222200
02022220
22222222
22202222
02000210


Round: 44
00220202
11121120
02022200
22222200
02022220
22222222
22202222
02000210

Valid moves for 1:
0, 4
3, 2
4, 6
6, 7

Player 1: 4, 6

After move by Player 1
00220202
11121120
02022100
22222210
02022210
22222212
22202212
02000210


Round: 45
00220202
11121120
02022100
22222210
02022210
22222212
22202212
02000210

Valid moves for 2:
0, 7
3, 7
4, 7
5, 0
5, 2
5, 6
5, 7
7, 1
7, 4
7, 6

Player 2: 0, 7

After move by Player 2
00220202
11121120
02022100
22222210
02022210
22222212
22202222
02000222


Round: 46
00220202
11121120
02022100
22222210
02022210
22222212
22202222
02000222

Valid moves for 1:
0, 0
0, 3
0, 4
1, 3
3, 2
5, 2
6, 7

Player 1: 0, 4

After move by Player 1
00220202
11121120
02021100
22221210
02021210
22221212
22201122
02001222


Round: 47
00220202
11121120
02021100
22221210
02021210
22221212
22201122
02001222

Valid moves for 2:
0, 3
1, 3
3, 7
4, 7
5, 0
5, 2
5, 6
5, 7
7, 1
7, 6

Player 2: 3, 7

After move by Player 2
00220202
11122120
02021200
22221220
02021222
22221212
22201122
02001222


Round: 48
00220202
11122120
02021200
22221220
02021222
22221212
22201122
02001222

Valid moves for 1:
0, 0
3, 2
4, 7
5, 2
5, 6
5, 7
6, 7
7, 4

Player 1: 6, 7

After move by Player 1
00220202
11122111
02021200
22221220
02021222
22221212
22201122
02001222


Round: 49
00220202
11122111
02021200
22221220
02021222
22221212
22201122
02001222

Valid moves for 2:
0, 3
1, 3
5, 0
5, 2
5, 7
7, 1
7, 6

Player 2: 7, 6

After move by Player 2
00220222
11122211
02022200
22221220
02021222
22221212
22201122
02001222


Round: 50
00220222
11122211
02022200
22221220
02021222
22221212
22201122
02001222

Valid moves for 1:
0, 0
3, 2
4, 7
5, 2
5, 6
5, 7
7, 4

Player 1: 4, 7

After move by Player 1
00220222
11122211
02022200
22221111
02021212
22221112
22201122
02001222


Round: 51
00220222
11122211
02022200
22221111
02021212
22221112
22201122
02001222

Valid moves for 2:
0, 3
1, 3
5, 0
5, 2
5, 6
5, 7
7, 1

Player 2: 1, 3

After move by Player 2
00220222
11122211
02022200
22221111
02021212
22222112
22222222
02001222


Round: 52
00220222
11122211
02022200
22221111
02021212
22222112
22222222
02001222

Valid moves for 1:
0, 0
0, 2
0, 3
3, 2
5, 2
7, 4

Player 1: 0, 2

After move by Player 1
00220222
11122211
02022200
22221111
02021112
22221112
22212222
02101222


Round: 53
00220222
11122211
02022200
22221111
02021112
22221112
22212222
02101222

Valid moves for 2:
0, 3
5, 0
5, 2
5, 6
5, 7
7, 1

Player 2: 5, 6

After move by Player 2
00220222
11122221
02022220
22221221
02022122
22221122
22212222
02101222


Round: 54
00220222
11122221
02022220
22221221
02022122
22221122
22212222
02101222

Valid moves for 1:
0, 0
0, 3
3, 2
5, 2
5, 7
7, 4

Player 1: 5, 2

After move by Player 1
00220222
11122221
02122220
22211221
02021122
22221122
22212222
02101222


Round: 55
00220222
11122221
02122220
22211221
02021122
22221122
22212222
02101222

Valid moves for 2:
0, 3
3, 2
5, 0
5, 7
7, 0
7, 1

Player 2: 7, 0

After move by Player 2
20220222
12122221
02222220
22221221
02022122
22221222
22212222
02101222


Round: 56
20220222
12122221
02222220
22221221
02022122
22221222
22212222
02101222

Valid moves for 1:
0, 0
0, 3
3, 2
5, 7
7, 4

Player 1: 7, 4

After move by Player 1
20221222
12121121
02221210
22221221
02022122
22221222
22212222
02101222


Round: 57
20221222
12121121
02221210
22221221
02022122
22221222
22212222
02101222

Valid moves for 2:
0, 3
5, 0
5, 7
7, 1

Player 2: 0, 3

After move by Player 2
20221222
12121121
02221210
22221221
02022122
22221222
22222222
02222222


Round: 58
20221222
12121121
02221210
22221221
02022122
22221222
22222222
02222222

Valid moves for 1:
0, 0
3, 0
3, 2
5, 0
5, 7
7, 1

Player 1: 3, 0

After move by Player 1
20221222
12111121
02121210
21221221
12022122
22221222
22222222
02222222


Round: 59
20221222
12111121
02121210
21221221
12022122
22221222
22222222
02222222

Valid moves for 2:
5, 0
5, 7
7, 1

Player 2: 5, 0

After move by Player 2
20221222
22111121
22121210
21221221
12022122
22221222
22222222
02222222


Round: 60
20221222
22111121
22121210
21221221
12022122
22221222
22222222
02222222

Valid moves for 1:
0, 0
3, 2
5, 7
7, 1

Player 1: 0, 0

After move by Player 1
20221222
22111121
22121210
21221221
12012122
12121222
11222222
12222222


Round: 61
20221222
22111121
22121210
21221221
12012122
12121222
11222222
12222222

Valid moves for 2:
3, 2
5, 7
7, 1

Player 2: 3, 2

After move by Player 2
20221222
22111121
22121210
22221221
12222122
12221222
11222222
12222222


Round: 62
20221222
22111121
22121210
22221221
12222122
12221222
11222222
12222222

Valid moves for 1:
5, 7
7, 1

Player 1: 5, 7

After move by Player 1
20221222
22111121
22121211
22221211
12222122
12221222
11222222
12222222


Round: 63
20221222
22111121
22121211
22221211
12222122
12221222
11222222
12222222

Valid moves for 2:
7, 1

Player 2: 7, 1

After move by Player 2
22221222
22211121
22121211
22221211
12222122
12221222
11222222
12222222


Round: 64
22221222
22211121
22121211
22221211
12222122
12221222
11222222
12222222

Valid moves for 1:

Player 1 can't move

Round: 64
22221222
22211121
22121211
22221211
12222122
12221222
11222222
12222222

Valid moves for 2:

Player 2 can't move

Black: 19
White: 45

